8;Orange;0.99;5
19;Pear;0.85;1
110;Apple;1.12;2
28;MyApple;1.12;2
28;Apple;2.001;2
28;Apple;1.12;50 
0;Apricot;1.00;1
101;Лимон;15.99;2
x;Avocado;33.03;3
Word;Бергамот;45.11;4
16384;Mango;64.64;5
;Грейпфрут;96.01;6
2;Ki;5.25;7
4;апельсин;26.46;8
8;PaPayа;59.12;9
16;Краснобуромалиновыйоченьвкусныйперсик;7.08;10
24;pear;99.99;11
32;ХурмА;71.05;12
1;Plum;101.01;13
3;Гранат;5.015;14
9;Pomelo;0.99;15
12;Мандарин;22;16
15;Quince;36.6;17
18;Локва;3.x5;18
10;Durian;10.01;0
20;Слива;20.02;3.3
30;Banana;30.03;29
40;Дыня;40.04;x
50;Blackberry;50.05;-3
60;Арбуз;60.06;11w
8;;3.25;9
